//0: transparent
//1: 111100
//2: 111000
0 0 0 0 0 0 0 0 0 0 0 0 0 0 0 0 0 0 0 0
0 0 0 0 0 0 0 1 1 1 1 1 1 0 0 0 0 0 0 0
0 0 0 0 0 1 1 1 1 1 1 1 1 1 1 0 0 0 0 0
0 0 0 0 1 1 1 2 2 1 1 1 1 1 1 1 0 0 0 0
0 0 0 1 1 1 2 2 1 1 1 1 1 1 1 1 1 0 0 0
0 0 1 1 1 2 2 1 1 1 1 1 1 1 1 1 1 1 0 0
0 0 1 1 2 2 1 1 1 2 2 1 1 1 1 1 1 1 0 0
0 1 1 1 2 1 1 1 1 2 2 1 1 1 1 1 1 1 1 0
0 1 1 1 2 1 1 1 1 2 2 1 1 1 1 1 1 1 1 0
0 1 1 1 1 1 1 1 1 2 2 1 1 1 1 1 1 1 1 0
0 1 1 1 1 1 1 1 1 2 2 1 1 1 1 1 1 1 1 0
0 1 1 1 1 1 1 1 1 2 2 1 1 1 1 2 1 1 1 0
0 1 1 1 1 1 1 1 1 2 2 1 1 1 1 2 1 1 1 0
0 0 1 1 1 1 1 1 1 2 2 1 1 1 2 2 1 1 0 0
0 0 1 1 1 1 1 1 1 1 1 1 1 2 2 1 1 1 0 0
0 0 0 1 1 1 1 1 1 1 1 1 2 2 1 1 1 0 0 0
0 0 0 0 1 1 1 1 1 1 1 2 2 1 1 1 0 0 0 0
0 0 0 0 0 1 1 1 1 1 1 1 1 1 1 0 0 0 0 0
0 0 0 0 0 0 0 1 1 1 1 1 1 0 0 0 0 0 0 0
0 0 0 0 0 0 0 0 0 0 0 0 0 0 0 0 0 0 0 0