//0: transparent
//1: 110100
//2: 111000
//3: 111100
//4: 111111
0 0 0 0 0 0 0 0 0 0 0 0 0 0 0 0 0 0 0 0
0 0 0 0 0 0 0 0 0 0 0 0 0 0 0 0 0 0 0 0
0 1 1 1 1 1 1 1 1 0 0 0 0 0 0 0 0 0 0 0
1 1 2 2 2 2 2 1 1 1 0 0 0 0 0 0 0 0 0 0
1 2 2 3 3 3 3 2 2 1 1 0 0 0 0 0 0 0 0 0
2 2 3 3 4 4 3 3 2 2 1 1 0 0 0 0 0 0 0 0
2 3 3 4 4 4 4 3 3 2 2 1 1 0 0 0 0 0 0 0
3 3 4 4 4 4 4 4 3 3 2 2 1 1 1 1 0 0 0 0
3 4 4 4 4 4 4 4 4 3 3 3 2 2 2 1 1 1 0 0
3 4 4 4 4 4 4 4 4 4 4 3 3 3 3 3 3 1 1 1
3 4 4 4 4 4 4 4 4 4 4 3 3 3 3 3 3 1 1 1
3 4 4 4 4 4 4 4 4 3 3 3 2 2 2 1 1 1 0 0
3 3 4 4 4 4 4 4 3 3 2 2 1 1 1 1 0 0 0 0
2 3 3 4 4 4 4 3 3 2 2 1 1 0 0 0 0 0 0 0
2 2 3 3 4 4 3 3 2 2 1 1 0 0 0 0 0 0 0 0
1 2 2 3 3 3 3 2 2 1 1 0 0 0 0 0 0 0 0 0
1 1 2 2 2 2 2 1 1 1 0 0 0 0 0 0 0 0 0 0
0 1 1 1 1 1 1 1 1 0 0 0 0 0 0 0 0 0 0 0
0 0 0 0 0 0 0 0 0 0 0 0 0 0 0 0 0 0 0 0
0 0 0 0 0 0 0 0 0 0 0 0 0 0 0 0 0 0 0 0